80,80,80,80,80,80,80,80,80,80,80,80,80,80,80,80,80,80,80,80,80,80,80,80,80,80,80,80,80,80,80,80,80,80,80,80,80,80,80,80,80,80,80,80,80,80,80,80,80,80,80,80,80,80,80,80,80,80,80,80,80,80,80,80
0
80,80,80,80,80,80,80,80,80,80,80,80,80,80,80,80,80,80,80,80,80,80,80,80,80,80,80,80,80,80,80,80,80,80,80,80,80,80,80,80,80,80,80,80,80,80,80,80,80,80,80,80,80,80,80,80,80,80,80,80,80,80,80,80
0
80,80,80,80,80,80,80,80,80,80,80,80,80,80,80,80,80,80,80,80,80,80,80,80,80,80,80,80,80,80,80,80,80,80,80,80,80,80,80,80,80,80,80,80,80,80,80,80,80,71,52,43,39,35,34,34,33,33,32,32,31,31,30,30
0
30,30,27,29,29,26,28,28,26,28,28,25,27,27,24,26,26,24,25,25,24,23,23,23,23,22,20,22,22,20,21,21,19,21,20,19,20,19,18,19,19,17,18,18,17,17,17,17,17,16,16,15,15,15,15,15,14,14,14,13,14,13,12,13
0
13,12,12,12,12,12,12,13,13,13,13,13,13,13,14,14,14,14,14,14,15,15,15,15,15,15,16,16,16,16,17,17,17,16,18,18,17,19,19,18,19,19,18,20,20,21,22,22,22,22,23,21,23,24,22,24,24,23,25,25,24,26,26,25
0
27,27,28,28,28,28,28,28,28,29,30,30,31,32,32,33,33,34,34,34,34,34,34,33,34,34,34,34,34,34,34,30,34,34,30,34,34,30,33,30,23,20,18,16,17,20,24,28,33,37,38,37,33,27,22,18,15,14,15,17,20,23,25,28
0
28,28,28,28,28,28,29,30,30,31,32,32,33,33,34,34,34,34,34,34,33,34,34,34,34,34,34,34,30,34,34,30,34,34,30,33,30,23,20,18,16,17,20,24,28,33,37,38,37,33,27,22,18,15,14,15,17,20,23,25,28,30,31,29
1
30,31,32,32,33,33,34,34,34,34,34,34,33,34,34,34,34,34,34,34,30,34,34,30,34,34,30,33,30,23,20,18,16,17,20,24,28,33,37,38,37,33,27,22,18,15,14,15,17,20,23,25,28,30,31,29,31,31,31,30,30,30,30,30
1
27,30,30,31,30,30,31,30,31,31,31,31,31,31,31,31,31,31,31,31,27,31,30,27,30,30,30,30,30,30,29,29,29,29,29,29,29,29,28,28,26,28,28,26,28,28,28,28,28,28,28,28,27,27,26,25,25,24,24,24,22,24,24,24
0
29,29,29,29,29,29,29,29,28,28,26,28,28,26,28,28,28,28,28,28,28,28,27,27,26,25,25,24,24,24,22,24,24,24,24,24,25,25,23,21,16,12,8,8,10,14,19,24,29,32,29,30,26,20,16,10,10,12,15,18,22,25,25,28
1
28,28,28,28,28,28,28,27,27,27,27,27,26,26,26,26,26,26,25,27,27,28,28,28,29,29,30,28,31,31,29,32,33,33,34,34,35,35,35,36,36,37,37,37,38,38,39,39,39,36,31,26,22,20,22,28,30,39,42,39,43,40,32,30
0
26,26,25,27,27,28,28,28,29,29,30,28,31,31,29,32,33,33,34,34,35,35,35,36,36,37,37,37,38,38,39,39,39,36,31,26,22,20,22,28,30,39,42,39,43,40,32,30,24,20,18,17,18,20,23,26,29,31,33,35,36,36,36,36
1
36,36,36,36,36,36,36,36,32,36,36,32,36,36,32,36,36,37,37,37,37,37,38,38,38,35,40,43,59,80,80,80,80,80,80,80,80,80,80,80,80,80,80,80,80,80,80,80,80,80,80,80,80,80,80,80,80,80,80,80,80,80,80,80
0
80,80,80,80,80,80,80,80,80,80,80,80,80,80,80,80,80,80,80,80,80,80,80,80,80,80,80,80,44,37,35,32,35,35,35,35,35,35,35,35,34,35,35,35,35,35,35,35,30,34,34,30,34,34,35,35,35,35,34,30,26,21,18,16
0
80,80,80,44,37,35,32,35,35,35,35,35,35,35,35,34,35,35,35,35,35,35,35,30,34,34,30,34,34,35,35,35,35,34,30,26,21,18,16,17,19,23,28,33,36,37,35,31,26,19,16,13,11,12,15,17,22,26,29,32,33,33,33,32
1
32,32,32,32,32,33,33,33,33,33,32,29,33,33,30,32,33,30,32,32,32,33,33,33,33,33,33,33,33,33,33,33,33,33,33,33,33,30,32,31,27,30,29,26,28,27,27,26,26,26,27,26,25,23,18,11,10,11,15,19,23,26,27,24
0
32,29,33,33,30,32,33,30,32,32,32,33,33,33,33,33,33,33,33,33,33,33,33,33,33,33,33,30,32,31,27,30,29,26,28,27,27,26,26,26,27,26,25,23,18,11,10,11,15,19,23,26,27,24,21,17,12,9,7,8,10,14,16,19
1
20,20,21,21,21,21,20,21,20,21,20,20,20,20,20,20,21,21,21,21,22,20,22,22,21,23,23,22,24,24,25,25,26,27,26,26,27,27,28,28,28,28,28,28,28,29,29,27,30,30,28,30,31,31,31,31,31,31,32,32,32,33,33,33
0
31,32,32,32,33,33,33,30,34,34,30,34,35,35,35,36,36,37,37,37,37,38,38,38,38,39,39,39,39,39,39,39,41,35,39,37,30,31,28,24,26,27,34,39,43,44,44,40,34,28,23,20,19,21,25,29,30,38,40,38,43,42,39,38
1
38,38,39,39,39,39,35,39,39,39,39,39,39,39,39,39,39,39,39,39,39,39,38,33,37,36,31,35,35,34,34,34,33,33,33,32,32,31,31,31,31,30,30,27,30,30,30,30,30,30,29,29,29,29,29,29,28,26,28,28,29,28,27,27
0
26,26,26,26,25,25,25,24,24,24,22,23,23,21,22,22,22,21,21,21,20,20,20,20,18,19,19,17,19,18,18,18,17,17,16,16,15,15,15,15,14,13,14,13,13,13,12,12,12,12,12,12,12,12,11,11,11,11,11,11,11,12,12,13
0
14,14,15,15,15,16,16,16,16,17,17,16,18,18,18,18,19,19,19,19,19,19,18,20,20,20,21,21,21,21,21,21,21,22,22,22,21,23,23,21,24,24,24,24,24,25,25,25,25,25,24,26,26,24,26,26,26,26,24,22,19,14,11,8
0
20,20,21,21,21,21,21,21,21,22,22,22,21,23,23,21,24,24,24,24,24,25,25,25,25,25,24,26,26,24,26,26,26,26,24,22,19,14,11,8,7,8,11,15,21,27,27,31,28,22,16,11,8,7,8,11,15,18,22,25,24,26,25,25
1
25,25,26,26,25,25,25,23,25,25,23,25,25,25,25,25,25,26,26,26,26,24,26,26,24,27,27,27,27,28,28,28,28,28,28,28,28,28,28,29,29,27,30,30,27,31,30,28,31,31,35,30,28,25,21,17,13,12,16,21,26,31,35,35
0
26,26,26,24,26,26,24,27,27,27,27,28,28,28,28,28,28,28,28,28,28,29,29,27,30,30,27,31,30,28,31,31,35,30,28,25,21,17,13,12,16,21,26,31,35,35,28,26,20,15,12,11,11,14,17,20,24,27,30,31,33,33,33,30
1
33,32,29,32,32,32,32,32,32,32,32,32,32,32,32,32,32,32,33,30,33,33,30,32,32,32,31,30,31,30,30,29,28,28,28,27,27,27,26,24,20,15,10,9,9,11,16,20,25,26,26,22,18,13,9,7,8,11,14,18,22,24,23,26
0
29,32,32,32,32,32,32,32,32,32,32,32,32,32,32,32,33,30,33,33,30,32,32,32,31,30,31,30,30,29,28,28,28,27,27,27,26,24,20,15,10,9,9,11,16,20,25,26,26,22,18,13,9,7,8,11,14,18,22,24,23,26,26,25
1
25,25,25,26,26,26,26,25,25,25,25,25,25,25,25,25,25,26,26,26,26,27,25,28,28,26,30,30,30,31,32,32,32,33,33,34,34,34,34,35,35,35,36,36,36,33,38,39,36,42,42,40,34,28,23,20,22,25,37,42,46,46,40,35
0
27,25,28,28,26,30,30,30,31,32,32,32,33,33,34,34,34,34,35,35,35,36,36,36,33,38,39,36,42,42,40,34,28,23,20,22,25,37,42,46,46,40,35,30,23,23,21,20,24,28,31,35,37,38,39,39,39,39,39,39,39,35,39,39
1
39,39,39,39,39,39,39,39,39,39,39,34,39,40,36,40,40,41,40,40,41,42,37,42,42,37,41,41,40,39,38,38,37,37,37,36,36,36,35,31,35,34,34,33,33,33,33,32,32,32,28,31,30,28,31,30,30,30,29,29,28,28,27,28
0
27,27,27,25,26,26,26,27,27,27,27,27,27,27,25,27,27,25,27,27,27,26,26,26,26,25,24,23,23,23,23,22,22,21,19,20,20,20,19,19,19,18,18,18,17,16,17,17,15,16,16,16,15,15,14,14,14,13,13,13,12,12,12,11
0
11,11,11,11,10,10,10,10,10,10,10,10,10,10,10,10,11,11,11,11,11,12,12,12,12,12,13,12,13,14,14,14,14,14,14,15,15,15,15,15,15,14,16,16,15,17,17,16,18,18,19,19,20,20,20,21,21,21,22,22,22,21,23,23
0
23,24,24,24,24,24,24,25,23,26,26,24,27,28,28,28,28,29,30,30,30,30,28,32,33,30,34,35,35,35,36,36,37,37,37,37,33,37,38,34,38,38,35,39,39,39,39,40,40,40,40,40,42,42,42,42,37,42,42,42,42,42,42,42
0
42,40,41,40,26,41,40,35,39,39,38,38,38,37,37,37,37,36,35,36,35,31,35,35,30,34,34,34,33,33,33,33,34,34,34,30,31,28,22,20,18,16,18,24,28,32,34,34,31,28,23,18,13,12,12,13,17,21,25,28,30,32,33,33
1
33,32,29,32,32,32,32,32,31,31,31,31,31,31,32,32,29,32,33,30,33,32,32,32,32,33,33,33,33,33,30,33,33,30,33,33,33,33,33,32,30,26,21,17,14,13,14,15,20,25,29,33,35,34,30,24,20,17,14,14,15,16,20,23
0
32,32,31,31,31,31,31,31,32,32,29,32,33,30,33,32,32,32,32,33,33,33,33,33,30,33,33,30,33,33,33,33,33,32,30,26,21,17,14,13,14,15,20,25,29,33,35,34,30,24,20,17,14,14,15,16,20,23,26,28,30,32,32,32
1
32,32,32,32,32,29,32,32,29,32,32,32,33,33,33,33,33,33,33,33,33,33,30,33,32,30,33,33,32,32,32,32,32,32,32,32,30,28,25,20,16,13,12,14,17,19,26,31,31,37,35,31,26,21,18,16,16,20,23,28,30,32,30,32
0
29,32,32,29,32,32,32,33,33,33,33,33,33,33,33,33,33,30,33,32,30,33,33,32,32,32,32,32,32,32,32,30,28,25,20,16,13,12,14,17,19,26,31,31,37,35,31,26,21,18,16,16,20,23,28,30,32,30,32,31,31,31,31,32
1
31,31,31,31,31,31,31,28,31,31,29,32,32,29,32,32,33,33,33,33,33,33,33,34,34,34,35,31,35,35,31,37,61,80,80,80,80,80,80,80,80,80,80,80,80,80,80,80,80,80,80,80,80,80,80,80,80,80,80,80,80,80,80,80
0
80,80,80,80,80,80,80,80,80,80,80,80,80,80,80,80,80,80,80,80,80,80,80,80,80,80,80,80,48,32,32,32,32,32,32,32,30,24,21,17,13,14,14,16,21,27,33,40,38,33,28,22,18,15,13,14,17,18,23,26,27,31,32,32
1
32,32,32,32,32,32,31,28,31,31,31,31,32,32,32,32,32,32,32,32,33,30,35,46,80,80,80,80,80,80,80,80,80,80,80,80,80,80,80,80,80,80,80,80,80,80,80,80,80,80,80,80,80,80,80,80,80,80,80,80,80,80,80,80
0
80,80,80,80,80,80,80,80,80,80,80,80,80,80,80,80,80,80,80,80,80,80,80,80,80,80,80,80,80,80,80,80,80,80,80,80,80,80,80,32,10,9,9,8,8,8,8,7,7,7,8,8,8,8,8,9,8,9,10,9,10,9,9,9
0
9,9,9,10,10,10,10,10,11,11,11,11,11,12,12,11,12,12,12,13,13,12,13,13,14,14,14,14,14,14,15,15,15,15,15,16,15,16,15,16,16,15,17,17,17,17,17,17,17,17,18,18,18,18,18,17,19,19,19,19,19,19,20,20
0
20,20,21,21,21,21,22,22,20,22,23,21,23,23,24,24,25,25,25,26,26,26,27,28,28,26,29,30,31,33,34,34,35,36,36,37,38,38,39,39,39,40,40,42,42,38,43,43,38,43,42,42,42,40,41,39,39,38,38,37,37,37,32,36
0
35,31,35,34,30,34,33,33,32,32,32,31,31,31,30,27,30,30,27,29,29,29,29,28,28,28,27,27,27,27,26,26,26,26,26,26,26,25,23,25,24,22,24,23,23,23,23,23,22,22,22,21,21,20,20,20,20,19,18,19,19,17,18,18
0
18,18,17,17,17,17,16,16,16,15,15,14,14,14,14,13,13,13,13,12,12,12,12,12,12,11,11,11,11,10,10,10,9,10,10,9,9,9,9,9,9,9,9,10,10,10,11,11,12,12,13,13,13,14,14,13,15,15,14,16,16,15,17,18
0
18,18,18,19,19,19,19,19,20,20,21,21,21,22,22,23,23,23,23,24,22,25,26,24,28,28,26,30,30,31,30,30,30,30,30,30,30,30,30,30,30,30,30,30,30,30,30,30,28,22,19,15,12,13,15,17,23,27,31,31,28,23,18,13
0
21,21,22,22,23,23,23,23,24,22,25,26,24,28,28,26,30,30,31,30,30,30,30,30,30,30,30,30,30,30,30,30,30,30,30,30,30,28,22,19,15,12,13,15,17,23,27,31,31,28,23,18,13,11,11,14,18,23,27,30,31,30,29,29
1
29,29,29,29,29,29,26,29,28,26,29,29,29,29,29,29,29,30,30,30,30,30,30,30,30,30,27,30,30,30,30,30,30,30,30,31,30,30,31,30,27,22,17,13,12,14,16,22,28,29,34,31,24,21,15,12,10,12,19,24,27,30,30,30
0
29,29,29,26,29,28,26,29,29,29,29,29,29,29,30,30,30,30,30,30,30,30,30,27,30,30,30,30,30,30,30,30,31,30,30,31,30,27,22,17,13,12,14,16,22,28,29,34,31,24,21,15,12,10,12,19,24,27,30,30,30,30,30,30
1
30,30,30,30,30,30,30,30,31,30,30,30,30,28,30,30,28,30,30,31,30,30,31,31,31,31,31,31,31,31,31,31,31,28,31,32,29,33,33,29,28,24,20,18,20,25,26,26,30,34,31,33,28,22,17,12,12,14,18,21,26,30,32,34
1
31,35,35,31,35,35,36,36,37,38,38,38,38,38,34,38,39,39,39,39,40,40,39,39,39,39,39,39,39,40,39,39,39,39,34,36,31,24,20,17,14,16,19,22,28,33,37,36,32,26,17,15,15,18,21,24,27,28,33,34,35,35,35,35
0
35,36,36,37,38,38,38,38,38,34,38,39,39,39,39,40,40,39,39,39,39,39,39,39,40,39,39,39,39,34,36,31,24,20,17,14,16,19,22,28,33,37,36,32,26,17,15,15,18,21,24,27,28,33,34,35,35,35,35,34,35,35,35,35
1
35,35,31,34,34,30,34,34,34,35,34,35,36,36,35,37,37,37,37,33,38,38,35,42,46,54,59,64,80,80,80,80,80,80,80,80,80,80,80,80,80,80,80,80,80,80,80,80,80,80,80,80,80,80,80,80,80,80,80,80,80,80,80,80
0
80,80,80,80,80,80,80,80,80,80,80,80,80,80,80,80,80,80,80,80,80,80,80,80,80,80,80,80,80,80,80,80,80,80,80,80,80,80,80,80,80,80,80,80,80,80,80,80,80,80,80,80,80,80,80,80,80,80,80,80,80,80,80,80
0
80,80,80,80,80,80,80,80,80,80,80,80,80,80,80,80,80,29,26,26,27,27,25,28,28,28,28,28,28,28,28,28,28,25,28,28,25,26,23,18,14,12,17,22,28,34,37,38,34,27,19,16,14,15,19,20,25,29,33,36,38,38,37,36
1
32,36,36,36,36,35,35,35,35,35,35,35,35,35,31,35,35,31,35,36,36,36,36,36,36,36,36,36,32,36,36,36,36,36,36,36,36,36,36,36,36,36,32,36,35,34,34,33,33,32,28,31,31,27,30,29,28,28,28,27,26,24,25,25
0
23,23,23,22,22,21,21,21,20,20,19,18,19,19,18,17,17,16,16,15,15,14,13,13,13,12,12,12,11,11,11,10,10,10,10,10,9,10,10,10,10,10,11,11,11,11,12,12,12,12,12,13,14,14,15,15,16,16,16,17,17,18,18,19
0
18,19,20,20,20,21,21,22,22,22,23,21,23,23,22,25,25,25,26,26,27,28,28,30,30,32,32,32,33,34,34,35,35,35,35,35,33,29,23,18,16,16,17,23,28,33,35,34,30,24,19,16,14,14,19,22,26,29,31,32,32,31,28,31
1
30,28,31,30,28,30,30,28,30,30,31,30,30,31,31,31,31,31,32,32,33,33,33,34,34,35,35,36,36,36,37,37,38,39,39,40,42,43,45,45,46,42,50,52,45,52,52,52,52,52,52,52,50,50,48,48,48,48,40,46,45,39,43,43
0
45,52,52,52,52,52,52,52,50,50,48,48,48,48,40,46,45,39,43,43,43,42,42,40,40,40,41,39,35,39,39,35,39,39,39,40,40,40,40,40,39,38,35,30,25,20,21,23,25,31,36,40,41,39,36,32,28,26,30,38,43,43,37,39
1
39,39,40,40,40,40,40,39,39,39,38,38,34,38,37,37,37,37,38,38,38,38,38,38,38,38,34,38,38,38,38,38,38,38,38,38,38,38,38,38,38,38,38,34,38,38,34,38,38,38,38,38,38,38,38,37,37,33,37,36,36,36,35,35
0
35,35,35,35,34,34,34,34,33,33,30,33,33,32,32,32,32,31,31,31,30,30,30,29,29,28,28,28,28,28,29,30,30,30,30,30,30,30,30,30,30,28,30,30,31,31,31,32,33,34,34,35,31,36,37,37,37,38,38,39,39,41,40,40
0
31,36,37,37,37,38,38,39,39,41,40,40,42,42,42,43,43,38,44,45,41,46,46,47,46,46,47,46,46,46,46,46,46,46,43,38,32,25,24,22,21,23,25,30,35,39,43,42,38,31,25,19,17,17,17,22,26,30,34,38,39,39,37,37
1
37,37,38,38,34,38,38,38,38,38,38,38,38,38,39,35,39,39,36,40,39,39,39,39,39,38,37,37,36,36,36,36,31,35,35,34,33,32,31,30,30,30,30,26,28,28,25,27,27,26,26,26,26,26,26,27,26,23,19,14,11,9,11,13
0
38,37,37,36,36,36,36,31,35,35,34,33,32,31,30,30,30,30,26,28,28,25,27,27,26,26,26,26,26,26,27,26,23,19,14,11,9,11,13,19,25,28,33,32,29,23,17,13,11,11,13,17,22,27,30,29,32,30,30,30,30,31,31,31
1
31,31,31,31,31,28,32,32,33,33,34,34,35,35,36,36,37,37,37,34,39,39,35,40,40,42,42,43,45,44,46,46,46,46,46,48,41,48,48,42,48,50,43,50,52,52,54,56,56,56,56,56,54,54,54,52,50,50,48,48,46,46,40,45
0
45,43,43,42,42,40,40,41,39,39,38,38,38,37,37,32,36,36,31,34,34,34,33,32,31,31,30,31,30,29,29,28,28,27,26,25,25,24,22,23,23,20,22,21,19,21,20,20,19,19,19,18,17,16,16,16,16,16,16,17,17,16,18,18
0
17,18,18,17,19,19,18,19,20,20,20,20,21,22,22,22,23,23,23,24,24,25,26,26,26,27,28,28,29,30,30,30,31,32,32,33,33,33,33,33,33,30,33,33,29,34,34,34,35,35,34,34,33,26,25,21,19,19,23,28,33,37,38,36
0
22,22,22,23,23,23,24,24,25,26,26,26,27,28,28,29,30,30,30,31,32,32,33,33,33,33,33,33,30,33,33,29,34,34,34,35,35,34,34,33,26,25,21,19,19,23,28,33,37,38,36,31,25,19,16,15,16,20,24,28,28,33,32,31
1
30,31,31,31,32,32,33,33,33,33,33,33,32,32,32,32,32,32,32,32,32,32,31,31,31,29,32,31,28,31,31,31,31,31,31,31,31,28,31,31,28,31,31,29,32,32,32,32,32,32,32,32,32,32,32,33,32,30,26,25,43,48,38,30
0
32,32,32,32,31,31,31,29,32,31,28,31,31,31,31,31,31,31,31,28,31,31,28,31,31,29,32,32,32,32,32,32,32,32,32,32,32,33,32,30,26,25,43,48,38,30,31,36,38,37,33,25,22,19,17,21,23,22,26,29,28,31,31,28
1
31,31,31,31,31,32,32,32,32,32,32,32,32,33,33,33,33,33,33,33,33,33,33,33,33,33,33,33,30,33,33,30,34,34,30,34,34,35,35,35,36,36,36,32,37,37,37,38,38,38,38,39,39,39,39,39,39,39,39,40,42,48,80,80
0
80,80,80,80,80,80,80,80,80,80,80,80,80,80,80,80,80,80,80,80,80,80,80,80,80,80,80,80,80,80,80,80,80,80,80,80,80,80,80,80,80,80,80,80,80,80,80,80,80,80,80,80,80,80,80,80,80,80,80,80,39,18,17,16
0
17,36,80,80,80,80,80,80,80,80,80,80,80,80,80,80,80,80,80,80,80,80,80,80,80,80,80,80,80,80,80,80,80,80,80,80,80,80,80,80,80,80,80,80,80,80,80,80,80,80,80,80,80,80,80,80,80,80,80,80,80,80,80,80
0
80,80,80,80,80,80,80,80,28,21,20,20,20,20,20,21,22,24,30,52,80,80,80,80,80,80,80,80,80,80,80,80,80,80,80,80,80,80,80,80,80,80,80,80,80,80,80,80,80,80,80,80,80,80,80,80,80,80,80,80,80,80,80,80
0
80,80,80,33,28,28,26,26,25,25,25,24,24,23,22,21,19,20,19,18,19,18,18,17,17,18,18,18,17,19,19,18,20,21,20,23,23,24,24,24,25,25,25,25,25,25,25,25,25,25,26,26,26,26,26,26,26,26,26,26,26,26,26,27
0
18,18,17,19,19,18,20,21,20,23,23,24,24,24,25,25,25,25,25,25,25,25,25,25,26,26,26,26,26,26,26,26,26,26,26,26,26,27,27,28,28,26,21,19,16,14,15,18,20,28,32,32,37,34,29,18,14,13,15,18,22,26,29,30
1
30,28,28,28,28,28,28,28,28,28,28,29,29,29,29,29,29,30,30,30,30,30,30,30,30,30,30,27,30,30,27,30,30,27,30,30,28,30,30,28,30,30,31,31,31,32,32,32,33,33,33,33,33,33,33,34,34,35,31,35,36,32,36,37
0
30,30,28,30,30,31,31,31,32,32,32,33,33,33,33,33,33,33,34,34,35,31,35,36,32,36,37,33,38,38,34,39,39,34,38,39,33,38,36,32,28,24,20,20,22,30,37,42,44,40,35,28,23,19,18,19,22,25,26,32,35,33,38,38
1
34,38,37,33,37,37,33,37,37,33,37,37,37,37,37,37,38,38,34,38,38,34,38,38,38,38,38,38,38,38,38,38,38,38,38,38,38,38,38,38,38,39,38,38,37,37,33,36,36,35,35,34,33,33,32,31,31,30,30,29,28,27,27,26
0
38,38,38,38,38,38,38,39,38,38,37,37,33,36,36,35,35,34,33,33,32,31,31,30,30,29,28,27,27,26,26,25,27,27,25,28,28,26,17,14,13,18,19,21,24,33,38,34,34,27,20,15,12,13,16,21,27,30,35,35,33,31,31,32
1
33,33,34,34,35,35,35,35,35,35,35,35,35,36,35,32,36,36,33,37,37,37,37,37,37,37,37,36,33,38,38,38,38,38,39,39,39,40,40,40,40,40,36,41,40,42,42,42,43,43,45,44,39,46,46,46,48,48,46,46,48,48,40,44
0
37,37,37,36,33,38,38,38,38,38,39,39,39,40,40,40,40,40,36,41,40,42,42,42,43,43,45,44,39,46,46,46,48,48,46,46,48,48,40,44,42,31,26,24,27,35,43,49,49,80,80,80,54,31,23,23,33,40,46,50,56,75,76,80
1
80,65,80,80,65,80,80,80,80,80,80,80,80,80,58,70,67,67,68,71,70,71,71,70,75,75,70,56,56,50,44,42,39,38,33,36,35,34,33,32,31,30,30,29,26,28,28,27,26,25,24,24,23,22,20,21,20,20,19,19,18,17,18,17
0
17,16,16,15,14,14,13,12,12,12,11,10,10,10,10,9,9,9,8,9,9,9,9,9,10,10,10,11,11,11,12,12,12,14,14,14,15,16,17,17,17,18,18,17,19,19,20,21,21,21,20,22,23,23,24,24,25,22,26,26,26,27,27,28
0
28,28,29,29,30,30,30,30,30,31,32,32,33,34,30,35,35,36,36,37,37,37,38,38,33,39,39,40,41,40,42,37,42,43,43,43,43,43,43,43,43,37,43,43,43,43,43,43,38,43,43,43,43,43,43,43,43,43,38,43,43,43,42,38
0
33,39,39,40,41,40,42,37,42,43,43,43,43,43,43,43,43,37,43,43,43,43,43,43,38,43,43,43,43,43,43,43,43,43,38,43,43,43,42,38,33,27,21,22,26,31,37,40,40,36,30,23,22,20,21,23,27,31,31,38,42,45,46,48
1
42,43,43,43,43,43,43,43,43,37,43,43,43,43,43,43,38,43,43,43,43,43,43,43,43,43,38,43,43,43,42,38,33,27,21,22,26,31,37,40,40,36,30,23,22,20,21,23,27,31,31,38,42,45,46,48,46,46,46,46,47,46,46,47
1
46,46,44,44,44,44,45,44,45,45,44,46,46,45,45,44,45,45,45,45,45,43,43,43,43,43,42,40,39,38,38,36,36,36,36,36,36,36,32,36,36,29,29,25,19,17,14,14,17,22,28,35,39,38,29,25,19,14,13,13,16,26,30,34
0
45,44,45,45,44,46,46,45,45,44,45,45,45,45,45,43,43,43,43,43,42,40,39,38,38,36,36,36,36,36,36,36,32,36,36,29,29,25,19,17,14,14,17,22,28,35,39,38,29,25,19,14,13,13,16,26,30,34,37,39,40,43,42,40
1
40,36,40,40,41,41,40,41,41,40,40,40,40,41,40,40,37,42,42,37,43,43,43,43,43,43,43,43,42,36,36,31,26,23,24,28,29,33,32,36,43,48,44,38,32,26,21,23,25,26,23,22,23,29,33,36,39,41,43,43,37,42,43,38
1
43,43,38,42,42,37,42,42,42,43,43,38,45,45,40,46,46,46,46,48,48,49,52,58,80,80,80,80,80,80,80,80,80,80,80,80,80,80,80,80,79,69,80,80,80,80,31,31,31,31,31,31,31,31,31,31,30,31,31,31,31,31,31,31
0
30,30,30,30,30,30,30,30,30,31,31,31,30,30,30,30,30,30,29,29,29,29,29,29,29,29,29,29,29,29,29,29,29,29,29,29,29,29,29,29,29,29,28,28,28,28,28,28,28,29,28,28,28,28,28,28,28,28,29,29,29,29,29,29
0
29,29,29,29,29,29,30,32,34,35,38,40,43,44,46,51,55,58,64,69,75,80,80,80,80,80,80,80,80,80,80,80,80,80,80,80,39,50,50,48,49,31,30,30,29,26,29,28,29,29,29,29,30,30,30,30,30,30,31,31,30,30,28,25
0
80,80,80,80,80,80,80,80,80,80,80,80,80,39,50,50,48,49,31,30,30,29,26,29,28,29,29,29,29,30,30,30,30,30,30,31,31,30,30,28,25,21,17,15,14,19,24,30,31,39,34,35,27,21,17,14,13,16,20,28,32,35,36,36
1
35,35,36,32,37,37,33,37,38,40,42,43,43,38,42,42,36,41,40,40,42,42,40,41,41,42,42,41,42,42,40,40,40,36,39,40,39,41,39,39,39,38,37,32,34,33,32,31,30,30,26,28,28,24,26,26,25,24,23,23,23,22,21,21
0
20,20,19,18,19,18,18,17,16,16,14,15,14,14,13,13,13,12,12,12,11,11,11,11,10,10,9,9,9,9,9,9,10,10,11,11,12,12,12,13,13,14,14,15,15,14,16,16,16,17,17,17,17,18,18,19,19,20,20,20,21,22,22,21
0
23,23,24,25,25,25,25,26,26,27,25,28,28,29,29,30,30,27,31,31,32,32,34,34,35,36,36,37,37,38,39,39,40,40,42,36,42,43,43,43,43,45,39,43,43,42,42,42,40,36,39,39,39,38,38,37,37,37,36,36,36,36,35,35
0
37,37,36,36,36,36,35,35,34,34,33,30,32,32,31,31,30,29,25,28,26,26,23,26,26,26,26,27,27,27,27,27,27,27,27,27,29,26,24,19,16,13,12,14,18,24,27,34,35,31,26,20,15,11,11,13,17,22,27,32,31,30,30,30
1
30,30,28,31,30,30,31,31,31,31,31,31,31,32,32,32,32,32,32,33,33,33,33,33,33,33,34,34,34,35,35,35,35,31,36,37,32,37,37,37,37,38,38,38,38,38,39,39,39,39,39,40,41,41,40,42,42,43,43,43,43,38,43,45
0
39,45,46,40,46,48,42,48,48,43,50,50,43,50,52,45,52,52,45,51,52,52,54,52,52,50,50,48,48,46,46,47,46,46,47,46,44,45,45,45,44,43,43,43,42,42,42,42,40,41,40,39,39,39,38,38,38,38,33,37,36,32,36,36
0
31,35,34,30,34,33,30,32,32,29,31,31,28,30,30,27,30,29,28,27,27,27,26,26,24,25,25,23,24,23,21,23,23,20,22,21,20,21,20,19,20,20,19,19,19,19,19,18,18,17,17,17,16,16,16,15,17,17,17,18,18,18,18,19
0
19,19,19,19,19,18,20,20,19,21,22,22,22,22,23,23,24,24,24,25,25,24,26,26,25,28,28,26,28,29,30,30,30,30,31,32,33,33,34,35,30,31,26,21,17,15,15,22,26,31,34,34,30,25,20,16,13,12,15,18,20,25,28,30
1
31,31,31,31,31,31,32,32,32,32,32,32,32,32,32,32,32,32,32,32,32,29,33,33,33,33,33,34,34,34,35,35,35,36,32,37,37,37,37,37,37,37,38,38,38,38,39,39,39,39,39,39,40,40,36,40,40,40,41,41,40,42,42,42
0
38,39,39,39,39,39,39,40,40,36,40,40,40,41,41,40,42,42,42,42,43,43,38,45,44,45,46,46,46,48,48,50,49,50,48,42,45,42,37,32,27,23,22,23,26,29,37,40,42,38,32,26,21,19,19,19,24,28,28,35,40,42,43,43
1
44,45,44,45,45,45,45,45,45,45,45,45,44,45,46,46,50,45,45,39,45,43,43,43,42,42,40,39,39,39,38,38,33,37,37,37,37,36,36,32,36,35,31,35,35,34,34,33,33,29,32,32,32,31,31,31,31,30,30,30,29,28,28,25
0
37,37,37,36,36,32,36,35,31,35,35,34,34,33,33,29,32,32,32,31,31,31,31,30,30,30,29,28,28,25,28,27,24,27,26,26,26,26,26,22,23,20,16,12,10,9,9,12,16,21,25,26,24,20,15,9,8,8,11,15,18,23,25,26
1
27,27,27,26,26,26,26,26,24,27,26,27,27,27,27,28,28,28,29,30,30,30,30,31,31,31,32,32,32,32,33,33,34,34,31,35,35,36,36,37,37,34,38,39,35,41,40,40,42,42,43,45,46,46,48,47,48,46,40,44,44,43,42,42
0
42,41,40,40,30,39,38,38,37,37,37,32,35,35,34,32,32,30,30,29,28,28,26,26,25,22,23,23,22,21,20,20,18,19,18,17,16,16,15,13,13,13,12,12,12,12,12,13,14,14,15,15,16,16,17,17,17,17,18,18,18,19,19,19
0
19,20,20,18,20,20,20,21,21,21,19,21,21,22,22,22,22,23,23,23,23,24,24,25,22,25,26,26,26,26,27,27,28,28,28,25,29,29,29,30,30,30,27,30,31,32,32,33,33,34,34,34,35,35,36,36,32,35,30,25,20,18,17,19
0
24,25,22,25,26,26,26,26,27,27,28,28,28,25,29,29,29,30,30,30,27,30,31,32,32,33,33,34,34,34,35,35,36,36,32,35,30,25,20,18,17,19,23,29,35,39,39,35,30,24,19,14,14,14,16,17,23,30,32,33,33,33,31,34
1
33,30,34,34,30,34,34,34,34,35,30,35,35,31,35,36,36,36,37,37,38,38,38,39,40,40,42,43,44,46,48,50,50,44,52,51,52,52,52,54,44,54,54,54,56,56,56,52,68,64,56,68,67,70,70,75,79,79,80,80,80,80,80,79
0
61,71,70,64,61,61,67,64,64,64,52,61,58,56,54,52,49,48,46,46,44,42,40,39,38,38,37,36,36,35,31,34,34,33,33,32,31,28,30,30,29,28,28,27,27,26,25,23,23,23,22,21,20,19,19,18,18,17,17,16,15,15,14,14
0
13,12,13,12,12,12,12,13,12,13,14,14,14,14,14,14,15,15,15,16,16,16,16,16,16,16,15,16,16,16,17,17,17,16,17,18,18,19,19,19,18,21,21,21,20,22,23,23,23,24,23,23,23,23,23,23,23,23,21,23,22,23,23,23
0
22,23,23,23,21,23,23,21,23,24,22,25,25,26,27,28,29,30,31,31,31,32,32,29,32,32,32,31,31,31,31,32,31,29,31,31,28,31,31,31,31,31,31,28,31,31,31,31,31,31,31,31,31,31,31,31,31,32,31,30,25,24,19,15
0
31,32,32,29,32,32,32,31,31,31,31,32,31,29,31,31,28,31,31,31,31,31,31,28,31,31,31,31,31,31,31,31,31,31,31,31,31,32,31,30,25,24,19,15,13,14,17,21,26,31,31,34,30,22,19,15,12,11,12,19,24,28,30,32
1
32,31,31,30,30,31,31,30,31,30,30,30,30,30,31,30,30,31,30,30,28,30,30,30,30,30,30,30,31,31,31,31,31,31,31,31,31,28,31,31,31,31,31,31,28,31,31,31,32,31,31,31,31,31,28,31,31,31,31,31,31,28,31,31
0
31,31,31,31,28,31,31,31,31,31,31,28,31,31,28,32,32,32,32,32,32,33,32,31,32,32,32,32,32,32,32,29,32,32,33,33,33,33,33,34,34,31,35,35,36,37,37,37,37,37,38,38,38,39,39,40,40,42,42,42,42,42,42,42
0
37,41,40,36,40,39,39,39,39,39,39,39,39,39,39,39,35,39,39,39,39,39,39,38,37,37,36,36,36,31,34,34,33,32,31,31,31,30,31,28,31,31,32,32,32,32,26,25,19,15,13,16,20,26,32,36,32,32,27,21,17,15,15,17
0
39,39,39,39,39,39,39,39,39,35,39,39,39,39,39,39,38,37,37,36,36,36,31,34,34,33,32,31,31,31,30,31,28,31,31,32,32,32,32,26,25,19,15,13,16,20,26,32,36,32,32,27,21,17,15,15,17,22,27,32,35,36,35,34
1
33,33,34,34,35,35,34,31,35,35,35,35,36,36,36,36,36,32,36,37,37,37,37,37,37,38,38,33,38,38,38,38,38,38,33,38,38,38,37,37,40,38,39,39,39,39,39,39,34,40,42,43,42,42,39,37,40,40,39,41,39,39,37,40
0
38,33,38,38,38,37,37,40,38,39,39,39,39,39,39,34,40,42,43,42,42,39,37,40,40,39,41,39,39,37,40,42,42,43,43,43,37,43,42,36,31,26,23,22,25,28,34,33,39,46,36,30,24,22,19,23,24,27,30,37,40,44,45,45
1
44,45,43,45,45,44,44,44,44,44,44,44,44,46,46,44,45,45,45,36,40,40,40,43,42,42,35,39,37,37,36,35,35,29,34,33,32,32,30,30,30,29,29,30,29,28,28,28,27,27,27,27,27,28,30,30,27,31,30,28,25,21,16,12
0
40,43,42,42,35,39,37,37,36,35,35,29,34,33,32,32,30,30,30,29,29,30,29,28,28,28,27,27,27,27,27,28,30,30,27,31,30,28,25,21,16,12,11,12,16,19,26,30,26,21,16,12,11,12,15,19,23,27,30,30,30,30,27,30
1
31,31,31,31,28,31,31,28,31,31,31,31,31,32,32,32,32,33,33,32,32,29,32,33,29,33,33,33,33,33,33,29,33,33,33,33,33,33,33,33,33,29,33,33,33,33,33,33,34,36,35,35,35,34,32,37,40,42,40,34,36,36,34,32
0
34,31,35,39,39,39,39,38,39,38,33,36,35,35,35,34,33,31,29,31,33,32,28,32,32,33,29,31,32,32,28,32,39,37,38,38,36,31,34,32,31,28,29,28,30,30,35,79,52,50,46,46,39,34,29,23,24,43,80,45,23,75,61,43
0
64,33,39,67,80,80,80,80,38,26,24,21,22,20,49,48,26,21,20,26,27,29,27,26,24,26,22,21,23,21,22,26,32,26,23,18,19,18,27,33,33,28,26,25,23,24,30,26,25,26,22,24,26,25,22,25,25,25,26,26,27,27,28,28
0
28,28,25,27,26,30,32,36,36,36,37,35,36,36,36,35,35,35,35,35,30,34,34,33,33,32,32,31,31,30,30,26,28,28,26,26,25,25,21,23,23,22,21,20,20,19,19,18,17,17,16,15,14,13,13,12,11,10,10,10,9,8,9,9
0
9,9,9,10,10,11,12,12,14,15,17,18,19,20,21,22,22,20,23,23,23,26,27,28,28,25,28,29,29,27,28,29,29,25,28,27,30,28,30,30,30,31,30,30,29,28,28,28,28,30,29,26,26,26,24,25,26,26,34,26,21,20,18,21
0
21,22,22,20,33,39,37,42,28,67,52,58,43,40,43,43,40,39,31,30,30,32,31,33,31,33,35,38,34,31,31,30,28,40,39,39,32,36,36,34,35,33,32,30,26,24,27,26,27,30,26,27,26,26,25,25,24,25,23,24,27,33,30,26
0
25,22,13,12,12,18,26,27,36,33,32,50,56,61,54,56,59,50,48,40,48,50,48,46,48,58,67,54,56,59,45,68,52,45,80,80,80,80,80,80,80,80,75,64,61,48,53,56,44,70,80,80,80,80,67,60,40,31,30,32,36,52,69,80
0
79,80,76,80,80,63,80,80,80,79,79,79,80,75,79,79,80,76,80,63,67,43,58,80,80,80,66,80,80,80,80,80,75,53,45,43,38,54,46,36,39,70,48,42,44,54,63,57,75,79,79,80,79,79,60,61,36,25,18,13,9,9,13,18
0
80,63,67,43,58,80,80,80,66,80,80,80,80,80,75,53,45,43,38,54,46,36,39,70,48,42,44,54,63,57,75,79,79,80,79,79,60,61,36,25,18,13,9,9,13,18,24,30,34,34,29,30,23,13,10,9,11,15,20,24,30,30,39,48
1
43,30,28,24,20,19,19,21,21,22,23,80,80,80,80,80,80,80,80,80,80,80,80,80,46,43,31,35,49,80,80,80,75,69,67,58,56,52,46,45,39,40,38,37,35,35,34,29,33,31,31,30,31,30,30,30,30,29,27,29,28,29,29,29
0
31,31,30,31,30,30,30,30,29,27,29,28,29,29,29,28,25,29,29,29,26,29,28,28,25,30,30,29,28,28,27,26,30,29,28,27,28,26,24,22,18,16,14,14,16,21,25,29,28,30,26,20,16,11,9,9,12,17,19,25,28,32,30,34
1
33,32,32,32,32,32,32,32,32,32,32,32,32,32,30,27,32,30,31,30,29,28,28,29,29,30,30,30,28,29,30,29,29,27,27,30,29,28,27,28,28,27,27,28,26,27,28,28,28,30,28,27,28,28,27,22,22,18,14,13,15,19,23,26
0
27,32,30,31,30,29,28,28,29,29,30,30,30,28,29,30,29,29,27,27,30,29,28,27,28,28,27,27,28,26,27,28,28,28,30,28,27,28,28,27,22,22,18,14,13,15,19,23,26,30,30,25,20,15,11,9,10,13,18,22,24,22,27,28
1
29,26,29,30,30,30,29,29,30,29,29,29,30,30,30,27,30,30,30,40,80,80,70,50,40,32,25,25,23,21,18,19,19,24,80,80,80,80,80,30,35,29,34,26,21,21,21,22,21,20,23,22,22,21,20,23,23,20,23,24,20,31,25,25
0
23,22,20,21,20,19,19,19,19,19,18,17,19,18,19,20,22,26,21,20,20,20,20,19,21,19,19,19,16,28,26,23,19,19,18,18,18,25,31,28,28,27,24,23,22,21,20,20,21,25,21,20,20,19,19,19,19,19,17,19,18,18,19,18
0
19,19,19,14,18,19,21,20,19,19,19,19,17,19,18,19,19,17,18,18,18,18,18,18,18,18,18,18,17,18,18,18,18,20,27,80,80,80,21,18,18,18,18,18,18,18,18,18,18,18,18,18,18,18,18,18,18,18,18,18,18,18,18,18
0
80,80,80,80,80,80,80,80,80,80,80,80,80,80,80,80,80,74,80,80,69,80,80,74,80,80,80,80,80,80,80,80,73,80,80,80,80,80,80,80,80,80,80,80,80,80,80,80,80,80,80,80,80,80,80,80,80,80,80,80,80,73,80,80
0
73,80,80,74,80,80,80,80,80,80,80,80,80,80,80,80,80,80,80,80,80,80,80,80,80,80,80,80,80,73,80,80,73,80,80,73,80,80,75,80,80,80,80,80,80,80,80,80,80,80,80,80,80,80,80,80,80,80,69,80,80,70,80,80
0
78,80,80,74,80,80,80,80,80,80,80,80,80,80,80,80,80,80,80,80,80,80,80,80,80,80,80,80,80,80,80,80,73,80,80,73,80,80,74,80,80,74,80,80,73,80,80,80,80,80,80,80,80,80,80,80,80,80,80,80,80,80,80,80
0
80,80,80,80,80,80,73,80,80,74,80,80,80,80,80,80,80,80,80,80,80,80,80,80,80,80,73,80,80,74,80,80,74,80,80,80,80,80,80,80,80,80,80,80,80,80,80,80,80,80,80,80,73,80,80,73,80,80,73,80,80,70,80,80
0
70,80,80,80,80,80,80,80,80,80,79,67,39,16,11,10,9,9,7,6,6,5,6,6,7,7,8,8,9,13,21,25,25,25,25,25,31,75,80,80,80,80,80,80,80,80,80,80,80,80,80,80,80,80,80,80,66,80,80,73,80,80,73,80
0
80,78,80,80,80,80,80,80,80,80,73,80,80,74,80,80,73,80,80,74,80,80,73,80,80,74,80,80,74,80,80,78,80,80,80,80,80,80,80,80,74,80,80,73,80,80,74,80,80,74,80,80,80,80,80,80,80,80,80,80,80,80,80,80
0
80,80,80,80,80,80,80,80,80,80,80,80,80,80,80,80,80,80,80,80,73,80,80,74,80,80,74,80,80,80,80,80,80,80,80,74,80,80,78,80,80,80,80,80,80,80,80,80,80,80,80,80,80,80,80,80,80,80,80,80,80,80,80,80
0
80,80,80,80,80,80,80,80,80,80,80,80,80,80,80,80,80,80,80,80,80,80,80,80,80,80,80,80,80,80,80,80,80,73,80,80,70,80,80,74,80,80,78,80,80,74,80,80,80,80,28,31,80,80,80,80,80,80,80,80,80,80,80,80
0
80,80,80,80,80,80,80,80,80,80,80,80,80,80,80,80,80,80,80,80,80,80,80,80,80,80,80,80,80,80,80,80,80,80,80,80,80,80,80,80,80,80,80,80,80,80,80,80,80,80,80,80,80,80,80,80,80,80,80,80,80,80,80,80
0
80,80,80,73,80,80,74,80,80,74,80,80,74,80,80,80,80,80,80,80,80,80,80,80,80,80,80,80,80,80,80,80,80,80,80,80,80,80,80,80,80,77,80,80,77,80,80,80,80,80,80,80,80,73,80,80,74,80,80,78,80,80,78,80
0
80,74,80,80,80,80,80,80,80,80,80,80,80,80,80,80,37,20,21,28,80,80,80,80,80,78,80,80,78,80,80,78,80,80,74,80,80,80,80,80,80,80,80,80,80,80,80,80,80,80,80,80,80,80,80,80,80,80,80,80,80,80,80,80
0
80,80,80,80,80,80,80,80,80,80,80,80,80,80,80,80,80,80,80,80,80,80,80,78,80,80,73,80,80,77,80,80,73,80,80,74,80,80,80,80,80,80,80,80,73,80,80,73,80,80,77,80,80,73,80,80,78,80,80,74,80,80,80,80
0
74,80,80,80,80,80,80,80,80,80,80,80,80,80,80,80,80,80,80,80,80,80,80,80,80,80,80,80,80,80,80,80,80,56,36,22,20,17,18,25,31,39,49,58,50,52,39,29,25,20,15,13,11,12,14,17,20,26,30,31,37,39,37,43
1
45,39,43,42,42,43,45,45,44,44,40,45,45,40,46,45,40,45,44,40,43,45,40,45,45,41,46,46,45,45,45,45,45,44,45,44,45,44,44,43,43,45,45,45,45,45,45,44,43,44,43,43,43,43,38,43,43,39,43,45,39,45,45,45
0
45,45,44,44,44,40,45,45,40,45,45,40,45,44,40,45,45,40,45,45,39,45,45,40,43,44,40,45,45,44,45,44,44,44,44,45,45,45,45,46,46,47,46,46,46,46,46,46,46,41,46,46,41,46,46,42,47,46,41,46,46,46,46,46
0
44,44,43,39,43,43,38,43,43,39,43,43,39,43,43,39,43,43,45,43,43,44,43,42,42,43,44,52,80,80,80,80,80,80,80,80,80,80,80,80,80,73,80,80,74,80,80,74,80,80,80,80,80,80,80,80,80,80,80,80,80,80,80,80
0
80,80,80,73,80,80,74,80,80,80,80,80,80,80,80,80,80,80,80,80,80,80,80,80,80,80,73,80,80,74,80,80,80,80,80,80,80,80,80,80,80,80,80,80,80,80,80,80,80,70,80,80,80,80,80,80,80,80,80,80,80,80,80,80
0
80,80,80,80,80,80,80,80,80,80,80,80,80,80,80,80,80,80,80,80,80,80,80,80,80,80,80,80,80,80,80,80,80,80,80,80,80,80,73,80,80,74,80,80,80,80,80,80,80,80,80,80,80,80,80,80,80,80,80,80,80,80,80,80
0
70,80,80,74,80,80,74,80,80,80,80,80,80,80,80,80,80,80,80,80,80,80,80,80,80,80,73,80,80,70,80,80,70,80,80,80,80,41,34,33,32,32,32,32,32,32,32,32,32,30,33,33,30,33,33,33,33,33,33,33,33,33,33,33
0
33,33,33,33,33,30,33,33,33,33,33,32,32,32,29,32,32,33,33,33,33,33,33,33,33,33,33,33,30,33,33,30,33,32,33,32,32,33,33,32,32,32,32,32,32,32,32,32,32,32,32,29,32,32,29,32,32,29,31,31,32,31,31,31
0
32,31,32,32,32,32,32,32,32,32,29,32,32,29,32,33,29,33,33,33,33,33,33,33,33,33,34,33,31,28,23,19,16,12,13,15,18,22,27,29,35,35,29,28,23,18,15,12,11,12,15,18,21,25,28,31,34,35,35,35,34,34,33,33
1
33,33,33,33,33,33,33,33,33,32,33,33,33,33,33,29,32,33,29,32,32,30,32,32,32,33,33,33,33,32,32,32,32,32,32,29,32,32,29,32,32,32,32,32,32,32,32,32,32,29,32,32,29,32,32,32,32,32,32,32,32,32,32,32
0
32,32,32,31,31,29,32,32,29,31,32,32,32,31,32,32,32,32,32,29,32,32,32,32,32,32,32,32,32,32,32,32,32,32,32,32,29,32,32,29,32,32,32,32,32,32,32,32,32,32,32,32,31,32,31,32,32,32,32,32,31,31,31,31
0
32,31,31,31,31,31,31,31,31,31,31,29,31,31,28,31,31,29,31,31,32,31,31,32,32,32,32,31,30,28,25,22,20,19,18,20,21,22,26,28,32,34,36,36,36,33,31,27,23,21,19,17,19,21,23,26,28,29,30,32,33,33,33,33
1
31,31,31,29,31,31,28,31,31,29,31,31,32,31,31,32,32,32,32,31,30,28,25,22,20,19,18,20,21,22,26,28,32,34,36,36,36,33,31,27,23,21,19,17,19,21,23,26,28,29,30,32,33,33,33,33,33,33,33,33,33,33,33,33
1
33,33,30,33,33,30,33,32,32,32,32,32,32,32,32,32,32,32,32,29,32,32,29,32,32,32,32,32,32,32,32,32,32,32,32,32,32,32,32,32,32,32,32,32,32,29,32,32,29,32,32,30,32,32,32,32,32,32,32,31,31,31,31,31
0
31,31,31,31,29,31,31,31,31,31,31,31,32,31,31,31,31,31,31,31,31,31,32,31,29,32,32,29,32,31,29,32,32,32,32,32,31,32,32,32,32,32,32,32,32,32,32,32,32,32,29,32,32,29,32,31,32,32,32,32,31,31,31,31
0
31,31,31,31,31,31,28,31,31,29,31,31,32,31,31,31,31,31,32,31,31,31,31,31,31,31,31,32,32,29,32,32,32,32,32,32,32,32,29,32,31,32,31,31,31,31,31,31,31,31,32,31,31,31,31,29,31,31,29,31,32,32,32,31
0
32,32,29,32,31,32,31,31,31,31,31,31,31,31,32,31,31,31,31,29,31,31,29,31,32,32,32,31,29,27,24,21,19,18,17,18,20,23,27,30,34,35,31,32,28,22,19,16,13,13,14,17,20,24,32,35,36,36,36,36,35,35,35,35
1
35,32,34,35,31,34,34,31,34,34,34,34,34,34,34,33,33,33,30,33,33,33,33,33,33,33,33,33,33,33,33,33,34,33,34,31,34,33,33,33,33,33,33,33,33,33,33,33,33,33,33,33,33,33,33,33,33,33,33,33,33,33,33,33
0
33,33,30,33,33,30,33,33,33,33,33,33,33,33,33,33,33,33,33,33,33,33,30,33,33,33,33,33,33,33,33,33,33,33,33,33,30,33,33,30,33,32,33,32,32,32,32,32,32,32,32,32,32,29,32,32,29,32,32,32,32,32,33,33
0
33,33,33,33,33,33,34,41,80,80,80,80,80,80,80,73,80,80,73,80,80,73,80,80,80,80,80,80,80,80,80,80,80,80,80,80,80,80,73,80,80,80,80,80,80,80,80,74,80,80,80,80,80,80,80,80,80,80,80,80,80,80,80,80
0
73,80,80,74,80,80,80,80,80,80,80,80,80,80,80,80,80,80,80,80,73,80,80,74,80,80,80,80,80,80,80,80,80,80,80,80,80,80,80,80,80,80,80,80,80,80,80,80,80,80,80,80,80,80,70,80,80,74,80,80,80,80,80,80
0
80,80,80,80,80,80,80,70,80,80,70,80,80,80,80,80,80,80,80,80,80,73,80,80,74,80,80,78,80,80,80,80,80,80,80,80,35,28,28,61,80,80,80,80,74,80,80,74,80,80,80,80,80,80,80,80,80,80,80,80,80,80,80,80
0
80,80,80,70,80,80,80,80,80,80,80,80,80,80,80,80,80,80,80,80,70,80,80,70,80,80,80,80,80,80,80,80,77,80,80,80,80,80,80,80,80,80,80,80,80,80,80,80,80,80,80,80,74,80,80,80,80,80,80,80,80,80,80,80
0
80,80,80,80,80,80,80,80,73,80,80,70,80,80,80,80,80,80,80,80,80,80,64,28,27,80,80,80,70,80,80,80,80,80,80,80,80,80,80,80,80,80,73,80,80,69,80,80,80,80,80,80,80,80,80,80,80,80,80,73,80,80,73,80
0
80,74,80,80,80,80,80,80,80,80,80,80,80,80,80,80,80,80,80,80,80,80,80,80,80,80,80,80,80,73,80,80,74,80,80,80,80,80,80,80,80,80,80,80,80,80,80,80,80,80,80,80,73,80,80,80,80,80,80,80,80,80,80,80
0
80,80,70,76,67,64,64,61,62,61,61,58,58,58,58,58,49,56,56,49,56,56,59,59,59,59,59,59,59,58,59,59,58,59,59,61,59,59,58,58,58,58,58,58,56,56,56,56,47,56,56,49,56,53,48,54,50,47,46,48,50,51,50,50
0
50,48,47,45,43,43,43,43,43,43,42,42,42,42,42,43,43,43,45,45,45,45,45,45,44,45,45,45,45,45,43,37,38,37,32,36,36,36,36,36,37,37,37,33,37,37,33,37,37,33,37,37,33,37,37,37,37,37,37,37,37,37,36,36
0
37,33,37,37,33,37,37,33,37,37,33,37,37,37,37,37,37,37,37,37,36,36,36,36,36,36,35,35,35,35,35,33,30,26,22,20,17,17,17,18,24,28,30,35,36,30,28,24,18,17,15,15,17,19,26,29,31,33,34,34,30,34,34,31
1
34,33,34,33,33,33,33,34,34,34,34,34,34,35,34,35,35,35,35,35,36,36,36,35,35,35,35,35,35,35,35,35,35,35,35,35,35,35,35,35,35,35,35,35,35,35,35,35,35,35,35,35,35,35,34,23,35,35,31,36,36,32,36,35
0
31,35,35,31,35,35,35,35,35,36,36,36,36,36,36,36,36,36,36,36,36,36,36,36,36,36,36,36,36,36,36,36,36,36,36,36,36,36,36,36,35,35,35,35,35,35,36,35,35,35,35,35,36,32,36,35,32,36,36,32,35,36,31,36
0
35,31,36,35,35,36,36,36,36,36,36,36,36,36,36,36,36,36,36,36,36,36,36,36,32,36,36,32,36,36,32,35,35,35,35,36,36,36,36,35,36,35,35,35,35,36,36,36,36,36,36,36,36,35,34,30,26,23,28,41,50,42,26,29
0
36,36,32,36,36,32,36,36,32,35,35,35,35,36,36,36,36,35,36,35,35,35,35,36,36,36,36,36,36,36,36,35,34,30,26,23,28,41,50,42,26,29,32,31,36,36,30,29,25,19,19,19,20,23,26,28,31,34,35,35,35,35,35,34
1
34,34,34,34,34,34,34,34,34,34,34,30,34,34,34,34,34,34,34,34,31,34,34,31,34,34,31,34,34,31,35,34,31,35,35,32,35,35,31,35,35,31,35,35,35,35,35,35,36,36,36,37,37,38,38,39,39,39,39,39,39,38,38,38
0
38,38,38,38,38,38,34,38,38,34,38,38,38,38,37,37,37,36,32,35,35,31,35,35,32,35,35,31,35,35,32,35,35,31,34,34,30,33,33,30,33,33,33,33,33,34,33,33,30,33,33,30,33,33,30,33,33,30,33,33,31,34,34,31
0
33,30,33,33,31,34,34,31,34,34,31,34,34,31,34,34,34,34,34,34,34,34,34,34,34,35,35,36,35,37,37,36,33,30,25,22,19,17,17,18,21,24,31,34,37,34,30,26,22,19,16,17,18,18,23,26,26,30,32,34,35,35,35,35
1
34,34,34,34,34,34,34,34,34,34,34,34,34,34,34,34,34,34,34,34,34,34,34,34,34,34,34,34,34,34,34,34,31,34,34,31,34,34,31,34,34,34,34,34,34,34,34,31,34,34,31,34,34,31,34,34,31,34,34,31,34,34,31,34
0
34,31,34,34,31,34,34,34,34,34,35,35,35,34,34,34,35,35,35,35,35,37,50,56,56,56,56,56,56,57,56,56,57,56,56,57,56,56,56,56,56,54,53,54,54,52,52,52,52,50,50,48,48,48,46,48,48,52,54,57,58,76,80,80
0
80,80,80,80,80,80,80,80,80,68,80,80,73,80,80,69,80,80,73,80,80,72,80,80,72,80,80,73,80,80,72,80,80,80,80,80,80,80,80,73,80,80,80,80,80,80,80,80,80,80,80,80,80,80,80,80,80,80,80,80,80,80,80,80
0
80,80,80,80,80,80,80,80,80,80,80,80,80,80,80,80,80,80,80,80,80,80,73,80,80,72,80,80,80,80,80,80,80,80,72,80,80,72,80,80,77,80,80,73,80,80,73,80,80,77,80,80,73,80,80,80,80,80,80,80,80,80,80,80
0
80,80,80,80,80,80,80,80,80,80,80,80,80,80,80,80,80,80,80,80,72,80,80,80,61,44,40,40,40,40,40,38,31,29,23,17,15,14,15,20,24,26,33,37,34,37,33,29,24,20,16,13,11,10,10,15,18,22,25,29,31,33,34,34
0
80,80,80,80,80,80,80,80,80,80,80,80,80,80,80,80,80,80,72,80,80,80,61,44,40,40,40,40,40,38,31,29,23,17,15,14,15,20,24,26,33,37,34,37,33,29,24,20,16,13,11,10,10,15,18,22,25,29,31,33,34,34,34,34
1
80,80,80,80,80,80,80,80,80,80,80,72,80,80,80,61,44,40,40,40,40,40,38,31,29,23,17,15,14,15,20,24,26,33,37,34,37,33,29,24,20,16,13,11,10,10,15,18,22,25,29,31,33,34,34,34,34,34,34,34,34,34,34,34
1
34,34,34,34,31,34,34,30,34,34,31,34,34,34,34,34,34,35,35,35,35,35,31,34,35,31,34,34,30,35,34,30,34,34,31,34,34,31,34,34,31,34,34,34,34,34,34,34,34,30,34,34,31,34,34,30,34,34,31,34,34,30,34,34
0
31,34,34,30,34,34,34,34,34,34,34,34,34,34,34,34,34,34,34,34,34,34,34,34,34,34,34,34,34,34,34,34,34,34,34,34,34,34,34,34,34,33,34,34,34,34,34,34,34,34,34,34,34,34,34,34,34,34,34,34,34,34,34,34
0
34,34,34,34,34,34,34,34,34,34,34,34,31,34,34,31,34,34,31,34,34,31,34,34,34,34,34,34,34,34,34,34,34,34,34,34,34,34,34,34,34,34,34,34,34,34,34,34,34,34,34,34,34,34,34,34,34,34,34,34,34,34,34,33
0
34,34,33,34,34,34,33,34,34,33,34,30,34,34,30,34,34,31,34,34,31,34,34,31,34,35,31,35,35,31,32,29,25,19,16,15,15,16,19,23,26,30,35,37,37,35,31,28,23,19,17,15,14,15,17,20,24,28,30,33,34,34,34,33
1
33,33,33,33,33,33,33,33,33,33,33,33,33,33,33,33,33,33,33,33,33,33,30,33,33,30,33,33,33,33,33,33,33,33,30,33,33,30,33,33,30,33,33,30,33,33,30,33,33,30,33,33,33,33,33,33,33,33,33,33,33,33,33,33
0
33,33,33,33,33,33,33,33,33,33,33,33,33,33,33,33,33,33,33,33,33,33,33,33,33,33,32,32,32,32,32,32,32,32,32,32,32,32,32,32,32,32,32,32,32,32,32,32,32,32,32,32,32,32,32,32,32,32,32,32,32,32,32,32
0
32,32,32,32,32,32,32,32,32,33,33,37,80,80,80,80,80,80,80,80,80,80,80,80,80,80,80,80,80,80,80,80,80,80,80,80,80,80,80,80,72,80,80,72,80,80,73,80,80,73,80,80,80,80,80,80,80,80,69,80,80,73,80,80
0
80,80,80,80,80,80,80,80,80,80,80,80,80,80,80,80,80,80,80,80,80,80,80,80,80,80,80,80,80,69,80,80,69,80,80,73,80,80,80,80,80,80,80,80,80,80,80,80,80,80,80,80,80,80,80,80,80,80,73,80,80,73,80,80
0
80,80,80,80,80,80,80,80,80,80,80,80,80,80,80,80,80,80,80,80,72,80,80,73,80,80,73,80,80,73,80,80,73,80,80,80,80,80,80,80,80,80,80,80,80,80,80,80,80,80,80,80,80,80,80,80,80,80,80,80,80,80,80,80
0
80,80,80,80,80,80,73,80,80,80,80,80,80,80,80,73,80,80,73,80,80,73,80,80,73,80,80,80,80,80,80,80,80,80,80,80,80,80,80,80,80,80,80,80,80,80,80,72,80,80,73,80,80,74,80,80,73,80,80,80,80,80,80,80
0
80,80,80,80,80,80,80,80,80,80,80,80,80,80,80,80,80,80,80,80,80,80,80,80,72,80,80,73,80,80,73,80,80,80,80,80,80,80,80,80,80,80,80,80,80,80,80,80,80,80,80,80,80,80,80,80,80,80,80,76,80,80,80,80
0
80,80,80,80,73,80,80,69,80,80,80,80,80,80,80,80,80,80,80,80,80,80,80,80,80,80,80,73,80,80,80,80,80,80,80,80,80,80,80,80,80,80,80,80,80,80,80,80,80,80,73,80,80,73,80,80,80,80,80,80,80,80,80,80
0
80,80,80,80,80,80,74,80,80,73,80,80,73,80,80,80,80,80,80,80,80,80,80,80,80,80,80,80,80,72,80,80,73,80,80,69,80,80,80,80,80,80,80,80,80,80,80,43,36,35,35,35,36,36,35,36,35,36,36,37,38,35,39,39
0
39,38,38,37,37,38,38,38,38,38,39,39,39,39,35,39,39,36,41,40,39,38,37,36,37,42,80,80,80,80,80,80,80,80,72,80,80,69,80,80,74,80,80,80,80,80,80,80,80,80,80,80,80,80,73,80,80,73,80,80,80,80,80,80
0
80,80,80,80,80,80,80,80,80,80,73,80,80,73,80,80,80,80,80,80,80,80,80,80,80,80,80,80,80,80,73,80,80,73,80,80,80,80,80,80,80,80,80,80,80,45,38,38,53,80,72,80,80,73,80,80,78,80,80,80,80,80,80,80
0
80,80,80,80,80,80,80,80,80,80,80,80,80,80,80,73,80,80,73,80,80,73,80,80,80,80,80,80,80,80,80,80,80,80,80,73,80,80,77,80,80,80,80,80,80,80,80,80,80,80,80,61,36,36,35,31,39,68,73,80,80,80,80,80
0
80,76,71,68,67,61,61,64,64,67,64,55,61,58,49,54,52,50,46,44,44,43,42,42,42,42,42,40,41,41,40,36,40,40,39,39,39,39,39,39,39,39,39,39,39,38,38,37,37,37,37,33,37,37,33,37,37,37,37,37,36,36,36,36
0
36,36,36,36,36,36,36,36,32,36,36,36,36,36,36,36,36,36,37,33,37,37,37,37,37,37,37,38,38,38,38,35,31,28,24,21,18,16,16,17,19,22,26,30,31,38,39,33,33,29,25,20,17,15,14,14,16,18,21,24,28,34,35,35
1
37,36,36,36,36,35,35,35,35,35,35,35,35,35,31,35,35,32,35,35,35,35,35,36,35,35,35,35,35,35,36,34,36,36,36,35,36,32,36,36,32,36,36,36,36,36,36,36,36,36,36,36,36,36,32,36,35,35,35,35,36,36,36,32
0
36,36,32,36,36,36,36,35,35,35,35,36,35,36,36,36,36,36,36,36,37,36,37,37,37,37,36,37,33,37,37,33,37,37,33,37,37,33,37,37,33,37,37,37,37,37,37,37,37,37,37,37,37,37,37,39,70,80,80,80,73,80,80,73
0
80,80,80,80,80,80,80,80,80,80,80,80,80,69,80,80,80,80,80,80,80,80,80,80,80,80,80,80,80,80,74,80,80,73,80,80,80,80,80,80,80,80,80,80,72,80,80,80,80,80,80,80,80,80,80,80,80,80,80,80,80,72,80,80
0
73,80,80,80,80,80,80,80,80,80,80,80,80,80,80,80,80,80,80,80,80,80,80,80,80,80,80,80,73,80,80,77,80,80,73,80,80,80,80,80,80,80,80,80,80,80,80,80,80,80,80,80,80,80,69,80,80,73,80,80,80,80,80,80
0
80,80,80,80,77,80,80,80,80,80,80,80,80,80,80,80,80,80,80,80,80,80,80,80,80,64,48,37,39,37,36,34,33,32,32,32,32,32,33,33,33,33,33,34,34,34,34,35,35,35,31,35,35,31,35,35,35,35,36,35,35,35,35,35
0
35,35,36,35,35,35,35,35,35,35,36,36,36,36,36,36,36,32,36,35,36,37,37,37,38,38,38,39,39,38,37,31,31,26,21,20,19,18,19,22,29,33,37,39,39,37,34,29,22,20,16,13,13,14,16,19,23,27,30,32,34,35,35,35
1
34,31,34,34,31,34,34,34,34,34,34,34,34,31,34,34,34,34,34,34,34,34,34,34,34,35,35,34,34,34,31,34,34,31,34,34,34,34,34,34,34,34,34,34,34,34,34,34,34,34,30,34,34,31,34,34,31,34,34,34,34,34,34,34
0
34,34,34,34,34,34,30,34,34,31,34,34,34,34,34,34,34,34,34,34,34,34,34,31,34,34,31,34,34,34,34,34,34,34,34,34,34,34,34,34,31,34,34,31,34,34,34,34,34,34,34,34,34,34,34,34,34,31,34,34,34,34,34,34
0
34,34,34,34,34,34,34,34,31,34,34,34,34,34,34,34,34,34,34,34,34,34,34,34,34,30,34,34,31,34,34,35,34,34,33,31,28,24,21,19,17,18,20,24,28,32,35,37,34,36,33,27,26,23,21,19,19,19,21,23,26,28,30,32
1
34,34,34,34,31,34,34,34,34,34,34,34,34,31,34,34,34,34,34,34,34,36,59,80,80,80,80,80,80,80,54,80,80,73,80,80,80,80,80,80,80,80,80,80,80,80,80,77,80,80,77,80,80,80,80,80,80,80,80,80,80,77,80,80
0
73,80,80,80,80,80,80,80,80,80,80,76,80,80,76,80,80,80,80,80,80,80,80,80,80,80,80,80,73,80,80,80,80,80,80,45,38,37,37,38,38,39,39,41,40,40,42,42,37,42,40,36,41,39,39,38,38,38,38,38,37,37,37,37
0
37,37,37,37,33,36,37,33,37,37,33,36,36,37,36,35,37,36,36,36,36,36,36,46,77,80,80,80,80,80,80,80,80,80,80,80,80,80,80,80,80,80,80,80,73,80,80,77,80,80,80,80,80,80,80,80,80,80,80,80,80,80,80,80
0
76,80,80,77,80,80,73,80,80,80,80,80,80,80,80,80,80,80,80,80,80,80,80,80,80,80,80,80,80,80,80,80,77,80,80,72,80,80,73,80,80,77,80,80,77,80,80,80,80,80,80,80,80,80,80,80,80,80,80,80,80,80,80,80
0
80,80,80,80,80,80,80,80,80,77,80,80,73,80,80,78,80,80,80,80,80,80,80,80,80,80,64,39,36,36,36,36,36,36,36,36,35,35,35,35,35,35,34,33,30,32,31,30,30,29,28,28,27,24,26,26,26,26,26,26,26,26,26,26
0
26,26,26,26,26,26,24,26,26,24,26,26,26,25,25,25,25,25,25,25,25,25,25,25,25,25,25,26,25,23,26,26,23,26,26,23,26,26,25,25,26,26,26,25,25,25,25,25,26,26,25,25,26,25,26,26,26,26,24,26,26,24,26,26
0
26,25,26,26,26,26,24,26,26,24,26,26,24,26,26,24,26,26,24,26,26,26,26,26,26,27,27,28,28,29,29,28,25,21,18,15,13,13,13,15,18,21,25,28,30,32,30,26,24,20,17,10,10,11,13,16,18,23,25,25,28,29,29,29
1
28,28,28,28,28,28,28,28,28,28,28,28,28,28,28,27,28,27,27,27,27,28,27,27,25,28,27,25,27,27,25,27,27,27,27,27,27,27,27,27,27,27,27,27,25,27,27,27,27,27,27,27,27,25,27,27,27,27,27,27,27,27,27,27
0
25,27,27,27,27,27,27,27,27,27,27,27,27,27,27,27,27,25,27,27,25,27,27,28,28,28,27,27,25,21,20,17,13,11,10,11,13,16,19,23,26,30,31,32,31,28,25,21,18,15,12,11,11,15,17,20,22,24,26,28,29,29,29,29
1
26,28,28,26,28,28,26,28,28,26,28,28,25,28,28,28,28,28,27,28,28,28,28,28,28,28,28,28,28,25,28,28,25,28,28,25,28,28,28,28,28,28,30,45,80,80,80,80,80,80,80,80,80,80,80,73,80,80,77,80,80,73,80,80
0
80,80,80,80,80,80,80,80,80,80,80,80,80,80,80,80,80,80,80,80,77,80,80,80,80,80,80,80,80,80,80,80,80,80,73,80,80,73,80,80,80,80,80,80,80,80,80,80,80,80,80,72,80,80,73,80,80,80,80,80,80,80,80,80
0
80,80,80,80,73,80,80,80,80,80,80,80,80,80,80,80,80,80,72,80,80,73,80,80,73,80,80,80,80,80,80,80,80,80,80,73,80,80,80,80,80,80,80,80,80,80,80,80,80,80,80,80,73,80,80,73,80,80,80,80,80,80,80,80
0
80,80,80,80,80,80,80,80,80,80,80,73,80,80,80,80,80,80,80,80,80,80,80,80,80,73,80,80,73,80,80,80,80,80,80,80,80,80,80,80,71,38,35,34,33,29,32,32,29,32,32,32,32,32,32,32,32,32,32,32,32,33,33,33
0
33,33,34,33,31,33,34,34,34,33,33,33,33,33,34,31,34,34,34,34,34,35,35,36,36,37,37,37,34,30,27,24,21,19,18,18,19,22,25,28,31,34,36,31,33,29,23,21,18,14,12,11,12,13,16,19,23,26,30,31,31,31,30,28
1
30,30,27,30,30,27,30,30,30,30,30,30,30,30,30,30,30,30,30,27,30,30,27,30,30,30,30,30,30,30,30,30,30,30,31,30,30,31,30,30,31,30,28,30,30,28,30,30,28,30,30,28,31,30,30,30,30,30,30,30,30,30,30,30
0
30,30,31,30,28,31,30,28,31,32,36,76,80,80,80,80,80,80,80,80,80,80,80,80,72,80,80,77,80,80,80,80,80,80,80,80,80,80,80,80,80,77,80,80,73,80,80,80,80,80,80,80,80,80,80,80,80,80,80,80,80,72,80,80
0
69,80,80,69,80,80,73,80,80,80,80,80,80,80,80,80,80,80,80,80,80,80,80,80,80,80,80,80,80,80,80,80,80,80,80,80,80,80,80,80,80,73,80,80,80,80,80,80,80,80,69,80,80,73,80,80,73,80,80,80,80,80,80,80
0
80,80,80,80,80,80,80,80,80,80,80,80,80,80,80,80,80,80,80,80,80,80,80,80,80,80,80,80,80,80,80,80,80,73,80,80,73,80,80,80,80,80,80,80,80,80,80,80,80,80,80,80,80,80,80,80,73,80,80,73,80,80,77,80
0
80,80,80,80,80,80,80,80,80,80,80,80,80,80,80,80,80,80,80,80,80,80,80,48,34,35,33,30,32,32,33,32,32,32,32,33,33,33,33,33,33,33,33,33,33,34,34,34,34,34,34,34,34,34,34,34,31,34,34,31,34,35,32,35
0
35,35,35,36,36,36,35,36,36,36,36,36,36,36,36,36,36,36,32,36,36,32,36,36,39,36,36,36,36,36,36,36,36,36,36,35,36,36,35,36,35,35,35,35,31,35,35,32,35,35,31,36,36,36,36,36,36,35,36,36,36,35,35,35
0
36,35,36,36,36,35,35,35,35,35,35,31,35,35,31,35,35,35,35,35,35,35,35,35,36,36,36,36,32,36,36,32,35,33,26,23,20,18,17,17,19,21,24,29,32,35,36,35,32,28,23,17,15,12,11,13,15,17,20,24,27,29,30,31
1
32,31,31,31,31,31,31,28,31,31,28,31,31,31,31,31,31,31,31,31,32,31,31,32,29,32,32,29,32,32,32,32,32,32,32,32,32,32,32,32,32,32,32,32,29,32,32,29,32,32,29,32,32,32,32,32,32,32,32,32,32,32,32,32
0
32,32,32,32,32,32,32,32,32,32,32,32,32,32,32,32,32,32,32,29,32,32,29,32,32,29,32,32,32,32,32,32,33,32,31,30,27,24,19,16,15,15,16,18,21,23,30,33,36,36,34,31,27,24,20,18,16,16,16,17,20,24,26,29
1
30,31,32,31,31,31,30,30,30,28,31,31,29,31,31,31,31,31,31,31,31,31,31,28,31,31,31,31,31,31,31,31,31,31,31,31,31,31,32,31,32,31,31,31,31,31,32,31,31,32,32,29,31,31,29,32,32,32,32,32,32,32,32,32
0
32,32,32,32,29,32,32,32,32,32,32,32,32,32,32,29,32,32,29,32,32,32,33,33,33,33,33,33,30,28,24,22,19,16,15,14,15,18,21,24,28,31,34,35,34,31,28,24,20,16,15,14,14,15,17,20,23,28,30,32,33,34,34,33
1
33,33,30,32,33,29,32,32,32,32,32,32,32,32,32,32,32,32,32,29,32,32,32,32,32,32,32,32,32,32,32,32,32,32,32,32,32,32,32,29,32,32,29,32,32,32,32,32,32,32,32,32,32,32,32,32,32,32,32,32,32,32,32,32
0
32,29,32,32,29,32,32,29,32,32,29,32,32,32,32,32,32,32,32,32,32,32,32,32,32,31,31,32,31,31,32,31,31,28,31,31,28,31,31,28,31,31,28,31,31,31,31,31,31,31,31,31,31,31,31,31,31,32,32,28,31,32,29,32
0
31,31,31,31,31,31,31,31,31,31,31,32,32,28,31,32,29,32,32,29,32,32,32,32,32,32,33,33,33,34,34,33,27,22,19,16,15,14,15,16,21,25,29,32,34,35,35,32,29,26,22,19,17,16,15,16,16,19,22,23,27,30,30,31
1
16,16,19,22,23,27,30,30,31,31,31,31,31,31,31,31,31,31,32,32,32,29,33,33,30,34,33,29,29,26,23,19,17,15,14,14,19,23,27,31,35,37,38,36,30,29,25,20,18,16,14,16,17,19,21,23,26,28,30,32,33,30,34,34
1
31,34,33,33,33,33,33,33,33,33,33,33,33,33,30,33,33,30,33,33,33,33,33,33,33,30,33,33,30,32,31,26,22,19,18,19,21,24,26,28,31,34,36,37,37,35,32,29,25,22,20,19,19,18,17,20,22,23,28,30,32,33,33,33
0
34,33,33,33,33,33,33,33,33,33,33,33,33,30,33,33,30,33,33,33,33,33,33,33,30,33,33,30,32,31,26,22,19,18,19,21,24,26,28,31,34,36,37,37,35,32,29,25,22,20,19,19,18,17,20,22,23,28,30,32,33,33,33,33
1
33,33,33,33,33,30,33,33,30,33,33,33,33,33,33,33,30,33,33,30,32,31,26,22,19,18,19,21,24,26,28,31,34,36,37,37,35,32,29,25,22,20,19,19,18,17,20,22,23,28,30,32,33,33,33,33,33,33,32,32,33,33,29,33
1
33,30,32,33,29,32,33,33,33,33,33,33,33,33,33,33,33,33,33,33,33,33,33,33,33,33,35,76,80,80,80,80,77,80,80,77,80,80,80,80,80,80,80,80,80,80,80,80,80,80,80,80,73,80,80,80,80,80,80,80,80,80,80,69
0
80,80,73,80,80,80,80,80,80,80,72,80,80,80,80,80,80,80,80,80,80,80,80,80,80,80,80,77,80,80,80,80,80,52,27,26,27,42,69,80,80,80,80,80,80,80,80,80,80,80,80,80,80,80,80,73,80,80,73,80,80,80,80,80
0
80,80,80,80,80,72,80,80,80,80,80,80,80,80,80,80,80,80,80,80,80,80,73,80,80,73,80,80,80,80,80,80,80,80,80,80,80,80,49,36,51,64,69,80,80,80,80,80,68,46,30,28,28,24,25,25,24,31,80,80,80,80,80,80
0
80,80,80,80,80,80,80,80,80,73,80,80,73,80,80,80,80,80,80,80,80,80,80,73,80,80,80,80,80,80,80,80,80,80,80,80,80,72,80,80,77,80,80,80,80,80,80,80,80,80,80,80,80,80,72,80,80,73,80,80,80,80,80,80
0
